# Ghia et al. (1982) v-velocity at y=0.5 horizontal centerline
# "High-Re solutions for incompressible flow using the Navier-Stokes
#  equations and a multigrid method"
# Journal of Computational Physics, 48(3), 387-411.
#
# Format: x  Re=100  Re=400  Re=1000  Re=3200  Re=5000  Re=7500  Re=10000
#
0.0000  0.00000  0.00000  0.00000  0.00000  0.00000  0.00000  0.00000
0.0625 -0.12146 -0.21388 -0.21388 -0.20580 -0.19014 -0.18197 -0.18109
0.0703 -0.12675 -0.22911 -0.22911 -0.21986 -0.20313 -0.19467 -0.19359
0.0781 -0.13125 -0.24349 -0.24349 -0.23308 -0.21536 -0.20665 -0.20548
0.0938 -0.13724 -0.26946 -0.26946 -0.25690 -0.23753 -0.22847 -0.22715
0.1563 -0.11477 -0.33050 -0.33050 -0.31327 -0.28973 -0.28000 -0.27858
0.2266  0.02135  -0.34638 -0.34638 -0.32742 -0.30302 -0.29320 -0.29163
0.2344  0.02526  -0.35024 -0.35024 -0.33050 -0.30574 -0.29580 -0.29418
0.5000  0.05454  -0.11477 -0.21388 -0.25680 -0.26079 -0.26451 -0.26636
0.8047  0.17527  0.17527  0.17527  0.17507  0.17495  0.17490  0.17486
0.8594  0.17527  0.17527  0.17527  0.17507  0.17495  0.17490  0.17486
0.9063  0.16077  0.15829  0.16256  0.16479  0.16563  0.16599  0.16612
0.9453  0.12317  0.10648  0.12317  0.13044  0.13276  0.13390  0.13432
0.9531  0.10890  0.09233  0.10890  0.11684  0.11923  0.12039  0.12082
0.9609  0.08864  0.07431  0.08864  0.09671  0.09912  0.10024  0.10066
0.9688  0.06450  0.05402  0.06450  0.07160  0.07379  0.07473  0.07506
1.0000  0.00000  0.00000  0.00000  0.00000  0.00000  0.00000  0.00000
